-1 -0.367879
-0.99 -0.368139
-0.98 -0.36836
-0.97 -0.368544
-0.96 -0.368688
-0.95 -0.368792
-0.94 -0.368856
-0.93 -0.368878
-0.92 -0.368858
-0.91 -0.368795
-0.9 -0.368689
-0.89 -0.368537
-0.88 -0.36834
-0.87 -0.368096
-0.86 -0.367805
-0.85 -0.367466
-0.84 -0.367077
-0.83 -0.366639
-0.82 -0.366149
-0.81 -0.365607
-0.8 -0.365013
-0.79 -0.364364
-0.78 -0.363661
-0.77 -0.362901
-0.76 -0.362085
-0.75 -0.36121
-0.74 -0.360277
-0.73 -0.359283
-0.72 -0.358228
-0.71 -0.357111
-0.7 -0.35593
-0.69 -0.354685
-0.68 -0.353374
-0.67 -0.351996
-0.66 -0.350549
-0.65 -0.349034
-0.64 -0.347448
-0.63 -0.34579
-0.62 -0.34406
-0.61 -0.342255
-0.6 -0.340374
-0.59 -0.338417
-0.58 -0.336381
-0.57 -0.334266
-0.56 -0.33207
-0.55 -0.329792
-0.54 -0.32743
-0.53 -0.324982
-0.52 -0.322449
-0.51 -0.319827
-0.5 -0.317116
-0.49 -0.314313
-0.48 -0.311419
-0.470001 -0.30843
-0.460001 -0.305345
-0.450001 -0.302163
-0.440001 -0.298882
-0.430001 -0.295501
-0.420001 -0.292017
-0.410001 -0.28843
-0.400001 -0.284737
-0.390001 -0.280936
-0.380001 -0.277027
-0.370001 -0.273006
-0.360001 -0.268873
-0.350001 -0.264626
-0.340001 -0.260262
-0.330001 -0.25578
-0.320001 -0.251177
-0.310001 -0.246453
-0.300001 -0.241605
-0.290001 -0.23663
-0.280001 -0.231528
-0.270001 -0.226295
-0.260001 -0.220931
-0.250001 -0.215432
-0.240001 -0.209797
-0.230001 -0.204023
-0.220001 -0.198108
-0.210001 -0.192051
-0.200001 -0.185849
-0.190001 -0.179499
-0.180001 -0.172999
-0.170001 -0.166347
-0.160001 -0.159541
-0.150001 -0.152578
-0.140001 -0.145455
-0.130001 -0.138171
-0.120001 -0.130722
-0.110001 -0.123107
-0.100001 -0.115322
-0.0900007 -0.107366
-0.0800007 -0.0992343
-0.0700007 -0.0909256
-0.0600007 -0.0824369
-0.0500007 -0.0737654
-0.0400007 -0.0649084
-0.0300007 -0.055863
-0.0200007 -0.0466263
-0.0100007 -0.0371954
-6.70552e-07 -0.0275675
0.00999933 -0.0177395
0.0199993 -0.00770835
0.0299993 0.00252892
0.0399993 0.0129754
0.0499993 0.0236344
0.0599993 0.0345089
0.0699993 0.0456022
0.0799993 0.0569176
0.0899993 0.0684584
0.0999993 0.0802279
0.109999 0.0922296
0.119999 0.104467
0.129999 0.116943
0.139999 0.129662
0.149999 0.142628
0.159999 0.155843
0.169999 0.169311
0.179999 0.183037
0.189999 0.197024
0.199999 0.211276
0.209999 0.225797
0.219999 0.24059
0.229999 0.25566
0.239999 0.271011
0.249999 0.286647
0.259999 0.302571
0.269999 0.318789
0.279999 0.335305
0.289999 0.352122
0.299999 0.369245
0.309999 0.386678
0.319999 0.404427
0.329999 0.422495
0.339999 0.440888
0.349999 0.459609
0.359999 0.478664
0.369999 0.498057
0.379999 0.517793
0.389999 0.537878
0.399999 0.558315
0.409999 0.579111
0.419999 0.60027
0.429999 0.621797
0.439999 0.643698
0.449999 0.665977
0.459999 0.688641
0.469999 0.711695
0.479999 0.735143
0.489999 0.758993
0.499999 0.783249
0.509999 0.807917
0.519999 0.833004
0.529999 0.858514
0.539999 0.884454
0.549999 0.91083
0.559999 0.937649
0.569999 0.964915
0.579999 0.992636
0.589999 1.02082
0.599999 1.04947
0.609999 1.07859
0.619999 1.10819
0.629999 1.13828
0.639999 1.16887
0.649999 1.19995
0.659999 1.23154
0.669999 1.26365
0.679999 1.29628
0.689999 1.32944
0.699999 1.36313
0.709999 1.39737
0.719999 1.43216
0.729999 1.46751
0.739999 1.50342
0.749999 1.53991
0.759999 1.57698
0.769999 1.61465
0.779999 1.65291
0.789999 1.69177
0.799999 1.73126
0.809999 1.77136
0.819999 1.8121
0.829999 1.85348
0.839999 1.8955
0.849999 1.93819
0.859999 1.98154
0.869999 2.02556
0.879999 2.07028
0.889999 2.11568
0.899999 2.16179
0.909999 2.20862
0.919999 2.25617
0.929999 2.30444
0.939999 2.35347
0.949999 2.40324
0.959999 2.45378
0.969999 2.50509
0.979999 2.55719
0.989999 2.61008
0.999999 2.66377
0 2.71828
